

Цикл № 1
Шаг  № 1
Точек  403
Циклическая потенцио. развертка , ЭДС 268,41мВ, Скорость развертки 29,982 мВ/с.
Время, с.              Потенциал, мВ            Ток, нА
0.099700               269.920000                 1759.100000
0.199400               272.510000                 2927.800000
0.299100               276.150000                 3848.900000
0.398800               278.000000                 4386.600000
0.498500               281.560000                 4753.800000
0.598200               284.360000                 5131.200000
0.697900               287.440000                 5455.800000
0.797600               290.720000                 6196.400000
0.897400               294.000000                 6127.400000
0.997100               296.760000                 6425.600000
1.096800               299.920000                 6825.300000
1.196500               303.830000                 6843.600000
1.296200               306.800000                 6849.700000
1.395900               310.650000                 7032.300000
1.495600               313.830000                 7229.100000
1.595300               315.810000                 7200.700000
1.695000               318.780000                 7216.900000
1.794700               320.360000                 7338.700000
1.894400               322.950000                 7296.100000
1.994100               325.450000                 7196.600000
2.093800               329.280000                 6865.900000
2.193500               331.620000                 7223.000000
2.293200               334.820000                 6900.400000
2.392900               337.870000                 7119.500000
2.492700               341.410000                 7087.100000
2.592400               343.850000                 6636.700000
2.692100               347.000000                 6730.000000
2.791800               350.330000                 6815.200000
2.891500               353.510000                 6823.300000
2.991200               355.760000                 6454.000000
3.090900               358.880000                 6642.700000
3.190600               361.890000                 6594.000000
3.290300               364.350000                 6316.100000
3.390000               367.950000                 6257.200000
3.489700               370.240000                 6448.000000
3.589400               374.580000                 6210.600000
3.689100               377.110000                 6234.900000
3.788800               380.730000                 5987.400000
3.888500               383.670000                 6141.600000
3.988200               386.790000                 6074.600000
4.088000               390.430000                 6165.900000
4.187700               392.620000                 5900.100000
4.287400               394.940000                 5930.600000
4.387100               397.710000                 5839.300000
4.486800               401.150000                 6001.600000
4.586500               403.570000                 5737.800000
4.686200               407.100000                 5756.100000
4.785900               410.030000                 5628.300000
4.885600               412.510000                 5709.400000
4.985300               415.670000                 5656.700000
5.085000               419.080000                 5737.800000
5.184700               421.920000                 5685.100000
5.284400               424.660000                 5646.500000
5.384100               427.840000                 5672.900000
5.483800               431.460000                 5782.500000
5.583500               434.110000                 5782.500000
5.683300               436.680000                 5553.200000
5.783000               439.620000                 5480.200000
5.882700               442.990000                 5461.900000
5.982400               445.660000                 5468.000000
6.082100               448.440000                 5583.600000
6.181800               451.750000                 5425.400000
6.281500               455.810000                 5455.800000
6.381200               458.720000                 5683.000000
6.480900               462.320000                 5532.900000
6.580600               465.520000                 5575.500000
6.680300               468.100000                 5433.500000
6.780000               471.010000                 5620.100000
6.879700               473.390000                 5346.200000
6.979400               475.680000                 5354.400000
7.079100               478.350000                 5309.700000
7.178800               481.720000                 5459.900000
7.278600               484.080000                 5336.100000
7.378300               487.010000                 5206.200000
7.478000               490.190000                 5242.800000
7.577700               493.190000                 5338.100000
7.677400               496.860000                 5356.400000
7.777100               500.210000                 5394.900000
7.876800               502.520000                 5508.600000
7.976500               506.270000                 5431.500000
8.076200               508.460000                 5384.800000
8.175900               511.260000                 5352.300000
8.275600               514.830000                 5530.900000
8.375300               517.440000                 5311.700000
8.475000               520.390000                 5325.900000
8.574700               523.260000                 5380.700000
8.674400               526.200000                 5478.100000
8.774100               529.250000                 5293.500000
8.873900               532.330000                 5216.400000
8.973600               535.320000                 5697.300000
9.073300               538.300000                 5220.400000
9.173000               542.010000                 5496.400000
9.272700               545.170000                 5612.000000
9.372400               547.970000                 5399.000000
9.472100               551.000000                 5413.200000
9.571800               553.060000                 5498.400000
9.671500               555.970000                 5468.000000
9.771200               559.250000                 5603.900000
9.870900               561.760000                 5638.400000
9.970600               564.870000                 5364.500000
10.070300               566.990000                 5194.100000
10.170000               565.520000                 4841.000000
10.269700               562.240000                 4701.000000
10.369400               559.040000                 4088.300000
10.469200               556.220000                 4015.300000
10.568900               553.150000                 4003.100000
10.668600               550.540000                 3899.600000
10.768300               547.840000                 3816.400000
10.868000               545.060000                 3556.700000
10.967700               541.860000                 3583.100000
11.067400               538.660000                 3611.500000
11.167100               535.760000                 3130.700000
11.266800               532.730000                 3516.100000
11.366500               529.440000                 3199.600000
11.466200               526.350000                 2962.300000
11.565900               523.150000                 3187.500000
11.665600               519.630000                 2927.800000
11.765300               517.570000                 2747.200000
11.865000               514.480000                 2812.100000
11.964700               511.550000                 2662.000000
12.064500               508.750000                 2777.600000
12.164200               505.620000                 2627.500000
12.263900               502.710000                 2647.800000
12.363600               499.450000                 2570.700000
12.463300               495.990000                 2282.600000
12.563000               493.340000                 2582.800000
12.662700               489.910000                 2290.700000
12.762400               487.450000                 2377.900000
12.862100               484.380000                 2239.900000
12.961800               481.340000                 2384.000000
13.061500               478.250000                 2400.200000
13.161200               476.230000                 2248.100000
13.260900               473.050000                 2217.600000
13.360600               470.440000                 2268.300000
13.460300               468.000000                 2075.600000
13.560000               465.070000                 2156.800000
13.659800               461.600000                 2319.100000
13.759500               458.310000                 1998.500000
13.859200               455.120000                 2187.200000
13.958900               451.640000                 1990.400000
14.058600               448.780000                 2152.700000
14.158300               445.920000                 1960.000000
14.258000               442.590000                 1945.800000
14.357700               439.960000                 1976.200000
14.457400               436.740000                 1891.000000
14.557100               433.060000                 2039.100000
14.656800               430.970000                 1913.300000
14.756500               428.030000                 1905.200000
14.856200               425.460000                 1947.800000
14.955900               422.010000                 1726.600000
15.055600               418.640000                 1945.800000
15.155300               415.820000                 1819.900000
15.255100               412.740000                 1773.300000
15.354800               409.960000                 1732.700000
15.454500               406.870000                 1619.100000
15.554200               403.590000                 1464.900000
15.653900               400.810000                 1744.900000
15.753600               398.390000                 1684.000000
15.853300               395.270000                 1460.800000
15.953000               392.940000                 1645.500000
16.052700               389.590000                 1505.500000
16.152400               386.680000                 1460.800000
16.252100               383.860000                 1320.800000
16.351800               380.310000                 1057.100000
16.451500               376.850000                 1128.100000
16.551200               373.910000                 977.950000
16.650900               370.980000                 1101.700000
16.750600               367.190000                 803.460000
16.850400               364.650000                 752.730000
16.950100               361.760000                 651.290000
17.049800               358.540000                 697.950000
17.149500               355.800000                 631.000000
17.249200               353.420000                 204.920000
17.348900               350.560000                 391.580000
17.448600               347.240000                 -18.260000
17.548300               344.020000                 -22.320000
17.648000               340.770000                 -267.820000
17.747700               337.850000                 -622.880000
17.847400               334.380000                 -407.820000
17.947100               331.490000                 -947.510000
18.046800               328.610000                 -986.060000
18.146500               326.440000                 -1456.800000
18.246200               322.820000                 -1832.100000
18.345900               320.670000                 -1842.300000
18.445700               318.060000                 -2349.500000
18.545400               315.910000                 -2392.100000
18.645100               313.510000                 -2931.800000
18.744800               310.950000                 -3037.300000
18.844500               307.560000                 -3548.600000
18.944200               303.730000                 -3934.100000
19.043900               300.100000                 -4605.700000
19.143600               296.510000                 -4759.900000
19.243300               293.450000                 -5123.100000
19.343000               290.320000                 -5397.000000
19.442700               287.310000                 -5670.900000
19.542400               284.300000                 -6393.200000
19.642100               281.160000                 -6427.700000
19.741800               278.700000                 -6928.800000
19.841500               275.310000                 -7046.500000
19.941200               272.910000                 -7411.700000
20.041000               270.450000                 -7677.500000
20.140700               266.530000                 -7943.300000
20.240400               263.330000                 -8103.600000
20.340100               261.140000                 -8158.400000
20.439800               257.960000                 -8424.100000
20.539500               253.840000                 -8687.900000
20.639200               251.000000                 -8834.000000
20.738900               248.340000                 -9069.300000
20.838600               245.730000                 -8943.600000
20.938300               242.790000                 -8913.100000
21.038000               240.160000                 -9335.100000
21.137700               237.040000                 -9164.700000
21.237400               234.350000                 -9032.800000
21.337100               231.670000                 -9002.400000
21.436800               228.750000                 -8990.200000
21.536500               225.150000                 -9148.500000
21.636300               222.120000                 -9081.500000
21.736000               218.940000                 -8854.300000
21.835700               215.930000                 -8905.000000
21.935400               212.120000                 -8907.000000
22.035100               209.300000                 -8637.200000
22.134800               206.220000                 -8407.900000
22.234500               203.620000                 -8724.400000
22.334200               201.210000                 -8326.800000
22.433900               197.530000                 -8249.700000
22.533600               195.280000                 -7990.000000
22.633300               192.520000                 -8000.100000
22.733000               189.340000                 -7906.800000
22.832700               185.930000                 -7843.900000
22.932400               183.260000                 -7797.200000
23.032100               179.260000                 -7565.900000
23.131800               176.380000                 -7651.100000
23.231500               173.470000                 -7444.200000
23.331300               171.130000                 -7385.300000
23.431000               167.700000                 -7285.900000
23.530700               165.790000                 -7223.000000
23.630400               162.780000                 -7162.100000
23.730100               160.250000                 -6880.100000
23.829800               157.500000                 -6902.400000
23.929500               153.750000                 -6904.500000
24.029200               151.660000                 -6732.000000
24.128900               148.110000                 -6786.800000
24.228600               144.930000                 -6748.200000
24.328300               141.330000                 -6725.900000
24.428000               138.090000                 -6640.700000
24.527700               135.180000                 -6569.700000
24.627400               131.710000                 -6496.600000
24.727100               128.780000                 -6581.900000
24.826800               126.150000                 -6409.400000
24.926600               122.930000                 -6255.200000
25.026300               120.760000                 -6163.900000
25.126000               116.720000                 -6508.800000
25.225700               113.860000                 -6241.000000
25.325400               111.730000                 -6208.500000
25.425100               109.020000                 -6056.400000
25.524800               105.040000                 -6133.500000
25.624500               101.880000                 -6261.300000
25.724200               98.888000                 -6023.900000
25.823900               96.088000                 -5967.100000
25.923600               92.793000                 -6247.100000
26.023300               89.421000                 -6038.100000
26.123000               86.754000                 -5975.200000
26.222700               84.068000                 -5942.800000
26.322400               82.239000                 -5940.700000
26.422100               79.343000                 -5808.800000
26.521900               76.848000                 -5865.600000
26.621600               73.514000                 -5916.400000
26.721300               70.123000                 -5719.600000
26.821000               66.180000                 -5946.800000
26.920700               63.360000                 -5930.600000
27.020400               59.912000                 -5737.800000
27.120100               57.398000                 -5800.700000
27.219800               53.626000                 -6137.500000
27.319500               50.997000                 -5808.800000
27.419200               48.235000                 -5944.800000
27.518900               45.072000                 -5770.300000
27.618600               42.443000                 -5948.800000
27.718300               39.586000                 -6165.900000
27.818000               37.338000                 -5725.600000
27.917700               33.490000                 -6271.400000
28.017400               31.433000                 -5750.000000
28.117200               27.337000                 -6072.600000
28.216900               24.879000                 -6133.500000
28.316600               21.507000                 -5908.300000
28.416300               18.059000                 -6149.700000
28.516000               15.697000                 -6082.700000
28.615700               12.992000                 -6090.900000
28.715400               9.982200                 -6107.100000
28.815100               8.915400                 -6297.800000
28.914800               6.000800                 -6092.900000
29.014500               3.829100                 -6034.000000
29.114200               0.266700                 -6287.700000
29.213900               -2.628900                 -6381.000000
29.313600               -5.905500                 -6665.000000
29.413300               -9.372600                 -6571.700000
29.513000               -13.678000                 -6644.800000
29.612700               -17.278000                 -7135.800000
29.712500               -19.945000                 -7156.000000
29.812200               -22.879000                 -6719.800000
29.911900               -26.079000                 -6628.500000
30.011600               -29.146000                 -6573.800000
30.111300               -31.242000                 -6492.600000
30.211000               -28.537000                 -6391.100000
30.310700               -25.946000                 -5847.400000
30.410400               -22.536000                 -5855.500000
30.510100               -19.374000                 -5683.000000
30.609800               -16.383000                 -5403.100000
30.709500               -13.011000                 -4786.300000
30.809200               -9.144000                 -5119.000000
30.908900               -5.657800                 -4875.500000
31.008600               -1.295400                 -4234.400000
31.108300               1.428700                 -4122.800000
31.208000               3.562300                 -4181.600000
31.307800               6.267500                 -3901.600000
31.407500               8.991600                 -4155.300000
31.507200               11.106000                 -3573.000000
31.606900               13.430000                 -3501.900000
31.706600               16.764000                 -3747.400000
31.806300               18.745000                 -3788.000000
31.906000               22.308000                 -3443.100000
32.005700               24.098000                 -3335.600000
32.105400               27.946000                 -3319.300000
32.205100               31.223000                 -3329.500000
32.304800               34.290000                 -3153.000000
32.404500               36.748000                 -3307.200000
32.504200               40.138000                 -3023.100000
32.603900               42.005000                 -3039.300000
32.703600               45.625000                 -3019.100000
32.803300               48.406000                 -2846.600000
32.903100               51.206000                 -2958.200000
33.002800               54.883000                 -2633.600000
33.102500               57.798000                 -2672.100000
33.202200               60.731000                 -2834.400000
33.301900               63.513000                 -2700.500000
33.401600               66.885000                 -2601.100000
33.501300               70.466000                 -2824.300000
33.601000               74.238000                 -2390.100000
33.700700               77.781000                 -2481.400000
33.800400               78.848000                 -2491.500000
33.900100               82.525000                 -2422.600000
33.999800               84.792000                 -2221.700000
34.099500               87.287000                 -2613.300000
34.199200               90.621000                 -2274.400000
34.298900               93.021000                 -2268.300000
34.398600               96.603000                 -2388.100000
34.498400               98.927000                 -2069.500000
34.598100               102.320000                 -2254.200000
34.697800               105.460000                 -2219.700000
34.797500               108.810000                 -2323.100000
34.897200               112.130000                 -2171.000000
34.996900               114.930000                 -2193.300000
35.096600               117.900000                 -2217.600000
35.196300               120.030000                 -2134.400000
35.296000               123.540000                 -1970.100000
35.395700               126.070000                 -2160.800000
35.495400               128.760000                 -1933.600000
35.595100               132.440000                 -2063.400000
35.694800               135.290000                 -1903.100000
35.794500               138.250000                 -2055.300000
35.894200               141.450000                 -1901.100000
35.993900               145.330000                 -1813.900000
36.093700               148.760000                 -1744.900000
36.193400               152.040000                 -1602.900000
36.293100               155.390000                 -1424.300000
36.392800               158.710000                 -1651.600000
36.492500               160.550000                 -1400.000000
36.592200               162.900000                 -1540.000000
36.691900               165.940000                 -1310.700000
36.791600               168.400000                 -1310.700000
36.891300               170.990000                 -1489.200000
36.991000               173.830000                 -1300.600000
37.090700               176.400000                 -1091.600000
37.190400               180.230000                 -1079.400000
37.290100               183.530000                 -957.660000
37.389800               186.190000                 -945.480000
37.489500               189.260000                 -695.920000
37.589200               192.920000                 -624.910000
37.689000               195.570000                 -493.030000
37.788700               198.960000                 -401.730000
37.888400               200.810000                 -357.090000
37.988100               203.850000                 -113.620000
38.087800               207.050000                 22.320000
38.187500               210.060000                 353.030000
38.287200               212.410000                 718.240000
38.386900               215.380000                 718.240000
38.486600               219.650000                 1105.800000
38.586300               222.900000                 1406.100000
38.686000               225.510000                 1779.400000
38.785700               228.770000                 1955.900000
38.885400               231.910000                 2203.400000
38.985100               235.020000                 2783.700000
39.084800               237.570000                 2942.000000
39.184500               240.260000                 3226.000000
39.284300               243.190000                 3678.500000
39.384000               246.410000                 3986.900000
39.483700               248.320000                 4272.900000
39.583400               251.570000                 4960.700000
39.683100               254.640000                 5330.000000
39.782800               258.260000                 5399.000000
39.882500               260.990000                 5774.400000
39.982200               263.880000                 6058.400000
40.081900               266.550000                 6801.000000
40.181600               270.010000                 7036.300000


Цикл № 2
Шаг  № 1
Точек  402
Циклическая потенцио. развертка, ЭДС 268,41мВ, Скорость развертки 29,982 мВ/с.
Время, с.              Потенциал, мВ            Ток, нА
0.099700               273.230000                 7269.700000
0.199400               275.690000                 7547.600000
0.299100               278.300000                 7896.600000
0.398800               281.270000                 7987.900000
0.498500               284.340000                 7935.200000
0.598200               287.330000                 8409.900000
0.697900               290.760000                 8765.000000
0.797600               294.610000                 8783.300000
0.897400               297.500000                 8900.900000
0.997100               300.740000                 9018.600000
1.096800               304.400000                 9065.300000
1.196500               306.840000                 9260.100000
1.296200               310.840000                 9251.900000
1.395900               313.240000                 9308.700000
1.495600               316.400000                 9377.700000
1.595300               318.520000                 9339.200000
1.695000               320.610000                 9018.600000
1.794700               323.200000                 9231.700000
1.894400               326.460000                 9018.600000
1.994100               329.410000                 8929.300000
2.093800               331.700000                 8856.300000
2.193500               334.520000                 8809.600000
2.293200               337.720000                 8722.400000
2.392900               341.200000                 8511.400000
2.492700               344.390000                 8452.500000
2.592400               348.060000                 8491.100000
2.692100               350.730000                 8267.900000
2.791800               353.550000                 8123.900000
2.891500               356.250000                 7957.500000
2.991200               359.050000                 7837.800000
3.090900               362.080000                 7866.200000
3.190600               365.170000                 7675.500000
3.290300               368.240000                 7582.100000
3.390000               371.130000                 7586.200000
3.489700               374.830000                 7385.300000
3.589400               377.990000                 7302.100000
3.689100               381.290000                 7125.600000
3.788800               383.500000                 7180.400000
3.888500               387.480000                 7093.200000
3.988200               390.260000                 7202.700000
4.088000               392.430000                 6894.300000
4.187700               395.880000                 7042.400000
4.287400               398.450000                 6758.400000
4.387100               401.230000                 6630.600000
4.486800               404.410000                 6646.800000
4.586500               407.020000                 6456.100000
4.686200               409.820000                 6299.800000
4.785900               413.020000                 6251.100000
4.885600               415.500000                 6293.800000
4.985300               418.950000                 6129.400000
5.085000               422.320000                 6403.300000
5.184700               425.120000                 6208.500000
5.284400               428.620000                 5959.000000
5.384100               431.080000                 6052.300000
5.483800               434.450000                 6015.800000
5.583500               437.290000                 6105.100000
5.683300               439.830000                 5782.500000
5.783000               443.080000                 5691.200000
5.882700               446.210000                 6123.300000
5.982400               449.200000                 5526.800000
6.082100               452.290000                 5843.300000
6.181800               455.560000                 5817.000000
6.281500               459.120000                 5677.000000
6.381200               461.900000                 5829.100000
6.480900               465.280000                 5632.300000
6.580600               468.380000                 5664.800000
6.680300               470.690000                 5693.200000
6.780000               473.910000                 5731.700000
6.879700               476.290000                 5561.300000
6.979400               478.730000                 5575.500000
7.079100               481.530000                 5624.200000
7.178800               484.290000                 5449.700000
7.278600               488.040000                 5382.800000
7.378300               490.560000                 5603.900000
7.478000               493.910000                 5319.900000
7.577700               497.200000                 5656.700000
7.677400               499.870000                 5449.700000
7.777100               502.960000                 5599.900000
7.876800               505.850000                 5427.400000
7.976500               509.090000                 5390.900000
8.076200               511.780000                 5492.300000
8.175900               514.460000                 5421.300000
8.275600               517.860000                 5524.800000
8.375300               520.330000                 5121.000000
8.475000               523.380000                 5307.700000
8.574700               526.540000                 5565.400000
8.674400               529.500000                 5188.000000
8.774100               532.640000                 5687.100000
8.873900               535.890000                 4968.900000
8.973600               539.270000                 5804.800000
9.073300               542.160000                 5104.800000
9.173000               545.380000                 5583.600000
9.272700               548.180000                 5573.500000
9.372400               550.720000                 5104.800000
9.472100               554.010000                 5295.500000
9.571800               556.550000                 5701.300000
9.671500               559.440000                 5263.100000
9.771200               562.390000                 5167.700000
9.870900               565.350000                 5526.800000
9.970600               567.310000                 4995.200000
10.070300               564.720000                 4749.700000
10.170000               561.440000                 4362.200000
10.269700               558.930000                 3984.800000
10.369400               556.110000                 4285.100000
10.469200               552.910000                 3917.900000
10.568900               550.010000                 3538.500000
10.668600               547.330000                 3449.200000
10.768300               544.790000                 3658.200000
10.868000               541.480000                 3236.100000
10.967700               538.410000                 3542.500000
11.067400               535.380000                 3055.600000
11.167100               532.010000                 3698.700000
11.266800               528.660000                 2706.600000
11.366500               526.070000                 3445.100000
11.466200               522.790000                 2743.100000
11.565900               519.460000                 2704.600000
11.665600               517.250000                 3116.400000
11.765300               513.970000                 2720.800000
11.865000               510.940000                 2422.600000
11.964700               508.180000                 3065.700000
12.064500               505.530000                 2755.300000
12.164200               502.160000                 2590.900000
12.263900               498.860000                 2416.500000
12.363600               495.870000                 2613.300000
12.463300               493.110000                 2603.100000
12.563000               490.270000                 2619.400000
12.662700               486.590000                 2442.800000
12.762400               483.620000                 2406.300000
12.862100               481.110000                 2473.300000
12.961800               477.850000                 2487.500000
13.061500               475.720000                 2485.500000
13.161200               472.970000                 2550.400000
13.260900               470.130000                 2258.200000
13.360600               467.910000                 2379.900000
13.460300               464.900000                 2207.500000
13.560000               460.970000                 2444.900000
13.659800               458.060000                 2063.400000
13.759500               454.380000                 2522.000000
13.859200               452.250000                 1970.100000
13.958900               448.510000                 2467.200000
14.058600               445.120000                 1740.800000
14.158300               441.480000                 2191.300000
14.258000               439.460000                 2201.400000
14.357700               436.040000                 1757.100000
14.457400               433.670000                 2047.200000
14.557100               430.530000                 2158.800000
14.656800               427.210000                 1811.800000
14.756500               424.550000                 1819.900000
14.856200               421.190000                 1805.700000
14.955900               418.000000                 2010.700000
15.055600               415.290000                 1738.800000
15.155300               412.090000                 1594.700000
15.255100               409.380000                 1647.500000
15.354800               406.130000                 1570.400000
15.454500               403.520000                 1673.900000
15.554200               400.160000                 1684.000000
15.653900               398.160000                 1669.800000
15.753600               394.830000                 1438.500000
15.853300               392.320000                 1408.100000
15.953000               388.930000                 1253.900000
16.052700               386.470000                 1221.400000
16.152400               383.360000                 1255.900000
16.252100               379.950000                 1322.900000
16.351800               376.980000                 1260.000000
16.451500               373.650000                 1180.800000
16.551200               370.220000                 1069.300000
16.650900               367.840000                 931.280000
16.750600               364.960000                 671.580000
16.850400               361.440000                 842.010000
16.950100               358.290000                 572.160000
17.049800               355.340000                 507.230000
17.149500               352.460000                 375.350000
17.249200               349.950000                 273.910000
17.348900               347.450000                 77.100000
17.448600               343.410000                 18.260000
17.548300               340.020000                 -296.220000
17.648000               337.600000                 -373.320000
17.747700               334.310000                 -647.230000
17.847400               331.910000                 -699.980000
17.947100               328.750000                 -768.970000
18.046800               325.870000                 -1229.500000
18.146500               322.610000                 -1373.600000
18.246200               320.400000                 -1684.000000
18.345900               318.190000                 -1791.500000
18.445700               315.600000                 -2081.700000
18.545400               312.100000                 -2114.100000
18.645100               310.320000                 -2862.800000
18.744800               306.970000                 -3094.100000
18.844500               303.540000                 -3467.400000
18.944200               299.680000                 -3601.400000
19.043900               296.480000                 -4587.400000
19.143600               293.270000                 -4559.000000
19.243300               290.170000                 -5376.700000
19.343000               287.030000                 -5332.000000
19.442700               283.520000                 -5900.100000
19.542400               281.250000                 -6717.800000
19.642100               278.510000                 -6561.600000
19.741800               275.020000                 -7154.000000
19.841500               272.610000                 -7472.600000
19.941200               269.560000                 -7716.000000
20.041000               266.390000                 -7998.100000
20.140700               263.040000                 -8407.900000
20.240400               260.450000                 -8718.300000
20.340100               257.560000                 -8860.400000
20.439800               254.070000                 -9091.700000
20.539500               251.690000                 -9233.700000
20.639200               247.650000                 -9174.800000
20.738900               245.340000                 -9428.500000
20.838600               242.220000                 -9381.800000
20.938300               239.630000                 -9481.200000
21.038000               236.620000                 -9215.400000
21.137700               234.470000                 -9323.000000
21.237400               230.730000                 -9355.400000
21.337100               228.330000                 -9047.000000
21.436800               224.960000                 -8907.000000
21.536500               221.570000                 -9014.600000
21.636300               218.370000                 -8953.700000
21.736000               215.570000                 -8846.200000
21.835700               212.450000                 -8797.500000
21.935400               209.280000                 -8576.300000
22.035100               206.060000                 -8480.900000
22.134800               203.050000                 -8253.700000
22.234500               200.750000                 -8330.800000
22.334200               197.590000                 -8040.700000
22.433900               194.840000                 -7900.700000
22.533600               192.210000                 -7935.200000
22.633300               188.520000                 -7807.300000
22.733000               185.570000                 -7636.900000
22.832700               182.920000                 -7673.400000
22.932400               179.380000                 -7517.200000
23.032100               175.830000                 -7427.900000
23.131800               173.390000                 -7121.600000
23.231500               170.400000                 -7042.400000
23.331300               167.010000                 -7192.600000
23.431000               165.240000                 -6928.800000
23.530700               162.460000                 -6713.800000
23.630400               159.790000                 -6865.900000
23.730100               157.350000                 -6644.800000
23.829800               154.360000                 -6644.800000
23.929500               151.120000                 -6496.600000
24.029200               147.260000                 -6537.200000
24.128900               144.270000                 -6348.500000
24.228600               141.200000                 -6494.600000
24.328300               137.450000                 -6439.800000
24.428000               134.680000                 -6409.400000
24.527700               131.810000                 -6387.100000
24.627400               128.530000                 -6184.200000
24.727100               125.860000                 -6109.100000
24.826800               123.100000                 -6178.100000
24.926600               120.190000                 -5995.500000
25.026300               117.390000                 -6090.900000
25.126000               114.150000                 -6161.900000
25.225700               110.980000                 -6082.700000
25.325400               107.610000                 -5932.600000
25.425100               104.910000                 -6013.800000
25.524800               102.130000                 -5981.300000
25.624500               98.012000                 -5920.400000
25.724200               95.517000                 -6145.600000
25.823900               92.069000                 -5902.200000
25.923600               89.707000                 -6084.800000
26.023300               86.373000                 -6030.000000
26.123000               84.601000                 -5681.000000
26.222700               81.515000                 -5971.200000
26.322400               79.210000                 -5780.400000
26.422100               75.667000                 -5833.200000
26.521900               72.809000                 -5991.500000
26.621600               69.609000                 -5910.300000
26.721300               66.580000                 -5906.200000
26.821000               62.522000                 -5715.500000
26.920700               59.931000                 -6080.700000
27.020400               56.788000                 -6109.100000
27.120100               53.873000                 -5823.000000
27.219800               51.416000                 -5727.700000
27.319500               48.120000                 -5997.500000
27.419200               44.863000                 -5975.200000
27.518900               42.272000                 -5843.300000
27.618600               39.643000                 -5944.800000
27.718300               36.690000                 -6072.600000
27.818000               33.699000                 -5944.800000
27.917700               30.461000                 -6074.600000
28.017400               25.889000                 -6056.400000
28.117200               23.793000                 -6178.100000
28.216900               21.355000                 -5906.200000
28.316600               17.621000                 -6308.000000
28.416300               14.802000                 -6133.500000
28.516000               12.649000                 -5971.200000
28.615700               10.287000                 -6210.600000
28.715400               7.905800                 -6017.800000
28.815100               5.543500                 -6259.300000
28.914800               3.771900                 -5932.600000
29.014500               0.609600                 -6338.400000
29.114200               -2.514600                 -6239.000000
29.213900               -6.305600                 -6788.800000
29.313600               -10.382000                 -6602.100000
29.413300               -13.583000                 -6792.900000
29.513000               -17.088000                 -7048.500000
29.612700               -20.441000                 -6490.600000
29.712500               -23.889000                 -6472.300000
29.812200               -26.689000                 -7026.200000
29.911900               -29.204000                 -7253.400000
30.011600               -30.937000                 -6882.200000
30.111300               -28.308000                 -6036.100000
30.211000               -25.679000                 -5502.500000
30.310700               -22.536000                 -5273.200000
30.410400               -19.412000                 -5218.400000
30.510100               -15.659000                 -5490.300000
30.609800               -13.259000                 -5455.800000
30.709500               -9.105900                 -5088.600000
30.809200               -4.857800                 -4327.700000
30.908900               -1.485900                 -4559.000000
31.008600               1.866900                 -4189.800000
31.108300               4.000500                 -4325.700000
31.208000               6.343700                 -3729.200000
31.307800               9.105900                 -4019.300000
31.407500               11.449000                 -3883.400000
31.507200               13.049000                 -3796.100000
31.606900               16.212000                 -3560.800000
31.706600               19.564000                 -3769.800000
31.806300               22.060000                 -3700.800000
31.906000               24.346000                 -3428.900000
32.005700               28.556000                 -3577.000000
32.105400               32.156000                 -3526.300000
32.205100               34.214000                 -2976.400000
32.304800               37.186000                 -3398.500000
32.404500               40.596000                 -3079.900000
32.504200               42.634000                 -2958.200000
32.603900               46.177000                 -2970.400000
32.703600               48.692000                 -2854.700000
32.803300               51.930000                 -3010.900000
32.903100               54.826000                 -2822.200000
33.002800               58.045000                 -2842.500000
33.102500               60.274000                 -2948.000000
33.202200               63.913000                 -2994.700000
33.301900               67.228000                 -2398.200000
33.401600               71.761000                 -2554.400000
33.501300               73.457000                 -2787.800000
33.601000               77.381000                 -2497.600000
33.700700               79.915000                 -2613.300000
33.800400               81.934000                 -2260.200000
33.900100               85.115000                 -2503.700000
33.999800               87.573000                 -2258.200000
34.099500               90.049000                 -2686.300000
34.199200               93.478000                 -2150.700000
34.298900               97.288000                 -2168.900000
34.398600               99.708000                 -2221.700000
34.498400               102.740000                 -2138.500000
34.598100               106.150000                 -2270.400000
34.697800               108.930000                 -2197.300000
34.797500               112.050000                 -2120.200000
34.897200               115.190000                 -1980.200000
34.996900               118.380000                 -2041.100000
35.096600               121.270000                 -1917.300000
35.196300               124.020000                 -1949.800000
35.296000               126.800000                 -1931.600000
35.395700               129.670000                 -1860.500000
35.495400               132.320000                 -1795.600000
35.595100               135.480000                 -1775.300000
35.694800               138.840000                 -1893.000000
35.794500               141.450000                 -1891.000000
35.894200               145.520000                 -1564.300000
35.993900               148.800000                 -1675.900000
36.093700               153.160000                 -1361.400000
36.193400               155.010000                 -1619.100000
36.293100               158.060000                 -1487.200000
36.392800               160.880000                 -1454.700000
36.492500               163.090000                 -1464.900000
36.592200               166.080000                 -1385.800000
36.691900               168.060000                 -1458.800000
36.791600               170.190000                 -1170.700000
36.891300               174.560000                 -1130.100000
36.991000               177.830000                 -1257.900000
37.090700               180.120000                 -1073.300000
37.190400               183.300000                 -874.470000
37.290100               186.750000                 -923.170000
37.389800               189.910000                 -910.990000
37.489500               192.230000                 -637.090000
37.589200               195.740000                 -572.160000
37.689000               198.290000                 -480.860000
37.788700               200.940000                 -316.510000
37.888400               204.750000                 -200.860000
37.988100               207.230000                 -48.690000
38.087800               210.250000                 14.200000
38.187500               213.130000                 383.470000
38.287200               215.970000                 537.670000
38.386900               219.280000                 754.760000
38.486600               222.490000                 854.180000
38.586300               226.010000                 1316.800000
38.686000               229.440000                 1748.900000
38.785700               232.260000                 1903.100000
38.885400               235.420000                 2375.900000
38.985100               238.010000                 2883.100000
39.084800               240.070000                 3118.500000
39.184500               243.760000                 3424.800000
39.284300               246.010000                 3765.700000
39.384000               249.610000                 4199.900000
39.483700               252.300000                 4617.900000
39.583400               254.970000                 4964.800000
39.683100               257.800000                 5565.400000
39.782800               260.970000                 5924.500000
39.882500               264.340000                 6301.900000
39.982200               267.670000                 6654.900000
40.081900               270.620000                 7024.200000


Цикл № 3
Шаг  № 1
Точек  41
Циклическая потенцио. развертка, последний цикл № 3, ЭДС 268,41мВ, Скорость развертки 29,982 мВ/с.
Время, с.              Потенциал, мВ            Ток, нА
0.099700               273.250000                 7553.700000
0.199400               276.240000                 7916.900000
0.299100               279.140000                 8316.600000
0.398800               281.330000                 8456.600000
0.498500               285.060000                 8592.500000
0.598200               288.590000                 9138.300000
0.697900               291.350000                 9077.500000
0.797600               294.440000                 9256.000000
0.897400               297.750000                 9361.500000
0.997100               301.300000                 9609.000000
1.096800               304.130000                 9318.900000
1.196500               308.270000                 9438.600000
1.296200               310.550000                 9483.200000
1.395900               313.620000                 9452.800000
1.495600               316.920000                 9389.900000
1.595300               318.570000                 9373.700000
1.695000               321.830000                 9164.700000
1.794700               323.550000                 9055.100000
1.894400               326.420000                 8791.400000
1.994100               329.380000                 8974.000000
2.093800               332.380000                 8712.200000
2.193500               335.070000                 8527.600000
2.293200               338.420000                 8580.400000
2.392900               341.450000                 8466.700000
2.492700               345.380000                 8367.300000
2.592400               348.730000                 8205.000000
2.692100               351.230000                 8188.800000
2.791800               354.670000                 7927.100000
2.891500               356.730000                 7929.100000
2.991200               359.490000                 7651.100000
3.090900               362.200000                 7513.200000
3.190600               364.960000                 7515.200000
3.290300               368.270000                 7411.700000
3.390000               371.360000                 7407.600000
3.489700               374.450000                 7145.900000
3.589400               377.610000                 7135.800000
3.689100               380.600000                 6884.200000
3.788800               384.140000                 6957.200000
3.888500               387.920000                 6865.900000
3.988200               390.160000                 6784.800000
4.088000               393.420000                 6673.200000
