

Цикл № 1
Шаг  № 1
Точек  470
Линейная потенцио. развертка , ЭДС -456,04мВ, Скорость развертки 9,997 мВ/с.
Время, с.              Потенциал, мВ            Ток, мА
0.423800               -454.130000                 0.017350
0.847500               -449.680000                 0.058710
1.271300               -445.270000                 0.095440
1.695000               -441.370000                 0.136890
2.118800               -437.120000                 0.175940
2.542500               -432.860000                 0.219570
2.966300               -428.540000                 0.263670
3.390000               -424.070000                 0.313160
3.813800               -420.060000                 0.358540
4.237500               -415.970000                 0.407080
4.661300               -411.660000                 0.463380
5.085000               -407.260000                 0.522370
5.508800               -402.950000                 0.585670
5.932500               -399.010000                 0.658420
6.356300               -395.290000                 0.734990
6.780000               -391.070000                 0.819180
7.203800               -386.250000                 0.921000
7.627500               -381.780000                 1.036000
8.051300               -377.610000                 1.172100
8.475000               -373.500000                 1.324600
8.898800               -369.120000                 1.504600
9.322500               -364.800000                 1.711800
9.746300               -360.620000                 1.953700
10.170000               -356.710000                 2.247400
10.593800               -352.900000                 2.586200
11.017500               -347.900000                 2.981700
11.441300               -343.270000                 3.425700
11.865000               -339.320000                 3.922000
12.288800               -335.200000                 4.454400
12.712500               -331.030000                 5.017900
13.136300               -326.890000                 5.616700
13.560000               -323.360000                 6.223400
13.983800               -319.720000                 6.844800
14.407500               -316.170000                 7.481600
14.831300               -310.940000                 8.130100
15.255100               -305.880000                 8.774000
15.678800               -301.220000                 9.393900
16.102600               -296.820000                 10.007000
16.526300               -292.860000                 10.612000
16.950100               -288.330000                 11.219000
17.373800               -284.000000                 11.819000
17.797600               -280.570000                 12.403000
18.221300               -276.540000                 12.972000
18.645100               -272.060000                 13.539000
19.068800               -267.490000                 14.096000
19.492600               -262.960000                 14.642000
19.916300               -258.920000                 15.195000
20.340100               -254.690000                 15.746000
20.763800               -250.290000                 16.289000
21.187600               -246.510000                 16.825000
21.611300               -241.820000                 17.358000
22.042800               -233.810000                 18.464000
22.466500               -229.250000                 18.993000
22.890300               -224.790000                 19.527000
23.314000               -220.590000                 20.063000
23.737800               -216.440000                 20.599000
24.161500               -211.720000                 21.157000
24.585300               -207.530000                 21.687000
25.009000               -203.710000                 22.218000
25.432800               -199.720000                 22.723000
25.856500               -196.030000                 23.245000
26.280300               -190.720000                 23.809000
26.704000               -186.200000                 24.383000
27.127800               -182.040000                 24.921000
27.551500               -177.990000                 25.469000
27.975300               -173.590000                 26.014000
28.399000               -169.190000                 26.584000
28.822800               -166.650000                 27.081000
29.246500               -163.550000                 27.577000
29.670300               -159.720000                 28.119000
30.094100               -154.070000                 28.747000
30.517800               -148.870000                 29.344000
30.941600               -144.450000                 29.890000
31.365300               -140.220000                 30.442000
31.789100               -135.700000                 31.114000
32.212800               -131.670000                 31.925000
32.636600               -127.420000                 32.535000
33.060300               -123.470000                 33.130000
33.484100               -119.440000                 33.726000
33.907800               -114.790000                 34.313000
34.331600               -110.370000                 34.900000
34.755300               -106.150000                 35.492000
35.179100               -101.920000                 36.094000
35.602800               -97.756000                 36.687000
36.026600               -93.529000                 37.285000
36.450300               -89.356000                 37.913000
36.874100               -85.985000                 38.470000
37.297800               -82.547000                 39.021000
37.721600               -77.751000                 39.628000
38.145300               -72.766000                 40.256000
38.569100               -68.060000                 40.863000
38.992800               -63.524000                 41.511000
39.416600               -59.763000                 42.112000
39.840300               -55.142000                 42.728000
40.264100               -51.408000                 43.346000
40.687800               -47.840000                 43.873000
41.111600               -43.214000                 44.451000
41.535300               -38.185000                 45.097000
41.959100               -34.720000                 45.718000
42.382800               -30.045000                 46.345000
42.806600               -26.258000                 46.958000
43.230300               -21.847000                 47.559000
43.654100               -18.032000                 48.175000
44.077900               -14.375000                 48.736000
44.501600               -11.125000                 49.289000
44.925400               -7.857600                 49.817000
45.349100               -3.442500                 50.465000
45.772900               2.012600                 51.140000
46.196600               7.243500                 51.764000
46.620400               12.031000                 52.379000
47.044100               16.181000                 52.980000
47.467900               20.498000                 53.609000
47.891600               24.711000                 54.224000
48.315400               29.095000                 54.839000
48.739100               32.959000                 55.438000
49.162900               36.988000                 56.037000
49.586600               41.551000                 56.641000
50.010400               46.056000                 57.266000
50.434100               50.341000                 57.893000
50.857900               54.380000                 58.501000
51.281600               58.894000                 59.096000
51.705400               63.156000                 59.714000
52.129100               66.957000                 60.330000
52.552900               70.776000                 60.954000
52.976600               74.452000                 61.561000
53.400400               79.042000                 62.178000
53.824100               83.641000                 62.794000
54.247900               88.311000                 63.405000
54.671600               92.126000                 64.026000
55.095400               96.563000                 64.650000
55.519100               101.230000                 65.279000
55.942900               105.620000                 65.866000
56.366600               109.180000                 66.436000
56.790400               113.290000                 67.048000
57.214100               117.880000                 67.646000
57.637900               121.970000                 68.242000
58.061600               126.250000                 68.831000
58.485400               130.840000                 69.399000
58.909200               134.890000                 70.007000
59.332900               139.410000                 70.565000
59.756700               143.300000                 71.120000
60.180400               146.880000                 71.716000
60.604200               150.770000                 72.304000
61.027900               155.110000                 72.903000
61.451700               159.990000                 73.551000
61.875400               164.560000                 74.205000
62.299200               168.830000                 74.813000
62.722900               173.140000                 75.426000
63.146700               177.220000                 76.015000
63.570400               181.620000                 76.651000
63.994200               185.820000                 77.266000
64.417900               189.820000                 77.887000
64.841700               193.860000                 78.491000
65.265400               198.390000                 79.121000
65.689200               202.760000                 79.710000
66.112900               206.750000                 80.301000
66.536700               211.400000                 80.920000
66.960400               215.480000                 81.514000
67.384200               219.650000                 82.128000
67.807900               223.770000                 82.725000
68.231700               227.280000                 83.317000
68.655400               231.170000                 83.901000
69.079200               236.100000                 84.534000
69.502900               240.900000                 85.142000
69.926700               245.460000                 85.741000
70.350400               249.190000                 86.300000
70.774200               253.740000                 86.928000
71.197900               258.000000                 87.532000
71.621700               262.180000                 88.139000
72.045400               265.920000                 88.780000
72.469200               269.960000                 89.382000
72.892900               274.490000                 89.921000
73.316700               279.670000                 90.535000
73.740500               283.730000                 91.169000
74.164200               287.610000                 91.777000
74.588000               291.860000                 92.376000
75.011700               295.530000                 92.959000
75.435500               299.430000                 93.534000
75.859200               303.010000                 94.073000
76.283000               307.070000                 94.692000
76.706700               311.120000                 95.329000
77.130500               316.490000                 95.982000
77.554200               321.200000                 96.615000
77.978000               325.220000                 97.193000
78.401700               329.760000                 97.803000
78.825500               334.000000                 98.482000
79.249200               338.410000                 99.051000
79.673000               342.170000                 99.648000
80.096700               346.140000                 100.240000
80.520500               350.510000                 100.810000
80.944200               355.000000                 101.390000
81.368000               359.470000                 102.010000
81.791700               363.650000                 102.610000
82.215500               368.090000                 103.230000
82.639200               372.230000                 103.810000
83.063000               376.730000                 104.410000
83.486700               380.180000                 104.980000
83.910500               383.490000                 105.550000
84.334200               387.480000                 106.110000
84.758000               392.590000                 106.780000
85.181700               397.260000                 107.330000
85.605500               401.860000                 107.930000
86.029200               406.060000                 108.550000
86.453000               410.290000                 109.130000
86.876700               414.950000                 109.750000
87.300500               418.770000                 110.370000
87.724200               422.260000                 110.950000
88.148000               426.470000                 111.550000
88.571800               431.370000                 112.200000
88.995500               436.150000                 112.790000
89.419300               440.310000                 113.370000
89.843000               444.150000                 113.990000
90.266800               447.520000                 114.580000
90.690500               451.370000                 115.130000
91.114300               455.380000                 115.640000
91.538000               459.440000                 116.240000
91.961800               463.020000                 116.750000
92.385500               466.990000                 117.330000
92.809300               473.050000                 117.970000
93.233000               478.370000                 118.640000
93.656800               482.210000                 119.220000
94.080500               486.770000                 119.780000
94.504300               491.640000                 120.500000
94.928000               495.370000                 121.120000
95.351800               497.730000                 121.620000
95.775500               502.420000                 122.160000
96.199300               507.600000                 122.740000
96.623000               511.300000                 123.340000
97.046800               515.200000                 123.960000
97.470500               519.440000                 124.490000
97.894300               523.880000                 125.120000
98.318000               528.080000                 125.700000
98.741800               532.720000                 126.280000
99.165500               536.800000                 126.910000
99.589300               540.470000                 127.500000
100.013000               544.750000                 128.130000
100.436800               549.360000                 128.690000
100.860500               553.880000                 129.280000
101.284300               558.060000                 129.820000
101.708000               562.600000                 130.420000
102.131800               566.870000                 130.990000
102.555600               571.340000                 131.560000
102.979300               575.200000                 132.120000
103.403100               579.070000                 132.740000
103.826800               583.120000                 133.250000
104.250600               587.590000                 133.870000
104.674300               592.330000                 134.460000
105.098100               596.910000                 135.090000
105.521800               601.100000                 135.780000
105.945600               605.340000                 136.410000
106.369300               609.240000                 136.940000
106.793100               612.090000                 137.450000
107.216800               615.390000                 137.970000
107.640600               618.390000                 138.460000
108.064300               624.230000                 139.070000
108.488100               629.380000                 139.710000
108.911800               633.970000                 140.350000
109.335600               638.480000                 140.950000
109.759300               643.050000                 141.520000
110.183100               647.260000                 142.050000
110.606800               651.460000                 142.600000
111.030600               655.160000                 143.160000
111.454300               659.490000                 143.730000
111.878100               663.580000                 144.270000
112.301800               668.230000                 144.780000
112.725600               672.760000                 145.300000
113.149300               676.960000                 145.870000
113.573100               681.100000                 146.460000
113.996800               685.350000                 147.090000
114.420600               689.730000                 147.720000
114.844300               693.540000                 148.280000
115.268100               696.980000                 148.810000
115.691800               701.310000                 149.390000
116.115600               705.940000                 150.010000
116.539300               710.570000                 150.610000
116.963100               714.930000                 151.220000
117.386900               719.270000                 151.790000
117.810600               723.740000                 152.390000
118.234400               728.390000                 152.970000
118.658100               732.190000                 153.530000
119.081900               735.380000                 154.070000
119.505600               739.100000                 154.560000
119.929400               744.460000                 155.210000
120.353100               749.230000                 155.800000
120.776900               753.510000                 156.300000
121.200600               756.930000                 156.820000
121.624400               761.460000                 157.420000
122.048100               765.850000                 158.040000
122.471900               769.600000                 158.630000
122.895600               773.100000                 159.180000
123.319400               776.670000                 159.740000
123.743100               781.730000                 160.240000
124.166900               786.630000                 160.790000
124.590600               791.080000                 161.370000
125.014400               795.160000                 161.940000
125.438100               799.500000                 162.560000
125.861900               803.820000                 163.100000
126.285600               808.370000                 163.660000
126.709400               811.880000                 164.250000
127.133100               816.040000                 164.840000
127.556900               820.260000                 165.440000
127.980600               825.000000                 166.020000
128.404400               829.570000                 166.590000
128.828100               833.600000                 167.100000
129.251900               838.080000                 167.690000
129.675600               842.480000                 168.300000
130.099400               845.560000                 168.830000
130.523100               849.280000                 169.430000
130.946900               853.350000                 170.030000
131.370600               857.470000                 170.640000
131.794400               862.690000                 171.280000
132.218200               867.770000                 171.900000
132.641900               871.650000                 172.430000
133.065700               875.670000                 172.980000
133.489400               880.510000                 173.600000
133.920900               885.390000                 174.210000
134.344600               889.410000                 174.720000
134.768400               893.160000                 175.250000
135.192100               897.720000                 175.840000
135.615900               902.120000                 176.380000
136.039600               906.670000                 176.920000
136.463400               910.800000                 177.420000
136.887100               914.990000                 177.990000
137.310900               919.840000                 178.630000
137.734600               923.410000                 179.250000
138.158400               926.170000                 179.720000
138.582100               929.570000                 180.210000
139.005900               933.990000                 180.750000
139.429600               939.180000                 181.330000
139.853400               944.060000                 181.890000
140.277100               948.700000                 182.420000
140.700900               952.720000                 183.030000
141.124600               956.990000                 183.600000
141.548400               961.430000                 184.220000
141.972100               965.410000                 184.760000
142.395900               969.490000                 185.280000
142.819600               973.860000                 185.790000
143.243400               977.830000                 186.300000
143.667100               982.440000                 186.910000
144.090900               986.700000                 187.540000
144.514600               991.130000                 188.100000
144.938400               995.210000                 188.650000
145.362100               999.770000                 189.300000
145.785900               1003.500000                 189.750000
146.209600               1007.500000                 189.880000
146.633400               1011.500000                 189.870000
147.057200               1015.600000                 190.250000
147.480900               1020.600000                 190.700000
147.904700               1025.100000                 191.150000
148.328400               1029.100000                 191.540000
148.752200               1033.300000                 191.940000
149.175900               1037.800000                 192.330000
149.599700               1042.000000                 192.620000
150.023400               1045.900000                 192.900000
150.447200               1049.800000                 193.360000
150.870900               1054.200000                 193.450000
151.294700               1059.000000                 194.430000
151.718400               1063.000000                 194.540000
152.142200               1067.500000                 194.890000
152.565900               1071.600000                 194.320000
152.989700               1076.000000                 196.680000
153.413400               1079.900000                 194.410000
153.837200               1083.300000                 194.030000
154.260900               1086.700000                 193.800000
154.684700               1091.000000                 193.520000
155.108400               1096.200000                 194.430000
155.532200               1101.400000                 201.740000
155.955900               1105.400000                 198.700000
156.379700               1109.700000                 194.600000
156.803400               1114.100000                 194.460000
157.227200               1118.000000                 194.190000
157.650900               1122.000000                 194.300000
158.074700               1126.000000                 194.320000
158.498400               1130.200000                 194.150000
158.922200               1134.900000                 193.670000
159.345900               1139.500000                 193.020000
159.769700               1143.500000                 192.440000
160.193400               1148.000000                 192.050000
160.617200               1152.300000                 191.830000
161.041000               1156.500000                 191.430000
161.464700               1160.000000                 190.640000
161.888500               1164.100000                 189.700000
162.312200               1168.000000                 188.800000
162.736000               1172.500000                 187.760000
163.159700               1177.400000                 186.870000
163.583500               1181.500000                 186.120000
164.007200               1186.000000                 185.430000
164.431000               1190.500000                 184.740000
164.854700               1194.800000                 183.890000
165.278500               1198.500000                 183.030000
165.702200               1202.800000                 182.090000
166.126000               1206.200000                 181.140000
166.549700               1210.800000                 180.090000
166.973500               1216.000000                 179.200000
167.397200               1220.300000                 178.420000
167.821000               1224.300000                 177.280000
168.244700               1228.500000                 175.990000
168.668500               1232.200000                 174.750000
169.092200               1235.700000                 173.440000
169.516000               1239.000000                 172.090000
169.939700               1242.500000                 170.790000
170.363500               1247.300000                 169.270000
170.787200               1252.500000                 167.560000
171.211000               1257.500000                 165.660000
171.634700               1261.800000                 163.620000
172.058500               1266.100000                 161.760000
172.482200               1270.500000                 160.060000
172.906000               1274.700000                 158.240000
173.329700               1278.800000                 156.470000
173.753500               1282.900000                 154.610000
174.177200               1287.200000                 152.670000
174.601000               1291.700000                 150.620000
175.024700               1295.700000                 148.690000
175.448500               1300.000000                 146.670000
175.872300               1304.500000                 144.560000
176.296000               1308.700000                 142.580000
176.719800               1313.100000                 140.200000
177.143500               1316.900000                 137.650000
177.567300               1320.900000                 134.990000
177.991000               1324.800000                 131.800000
178.414800               1329.100000                 127.990000
178.838500               1334.000000                 124.280000
179.262300               1338.200000                 120.900000
179.686000               1342.600000                 117.370000
180.109800               1346.900000                 113.650000
180.533500               1350.500000                 109.880000
180.957300               1355.400000                 105.890000
181.381000               1359.200000                 101.690000
181.804800               1363.500000                 97.517000
182.228500               1367.700000                 93.263000
182.652300               1372.300000                 88.217000
183.076000               1376.400000                 83.116000
183.499800               1380.500000                 76.943000
183.923500               1384.900000                 69.248000
184.347300               1389.400000                 61.699000
184.771000               1393.100000                 53.681000
185.194800               1397.000000                 44.580000
185.618500               1400.700000                 32.398000
186.042300               1405.300000                 16.805000
186.466000               1410.000000                 6.933800
186.889800               1414.400000                 2.950800
187.313500               1418.800000                 1.712000
187.737300               1422.800000                 1.522700
188.161000               1427.100000                 1.458200
188.584800               1431.400000                 1.410800
189.008500               1435.600000                 1.415100
189.432300               1439.600000                 1.436700
189.856000               1443.900000                 1.488300
190.279800               1448.400000                 1.539900
190.703600               1452.800000                 1.591500
191.127300               1457.000000                 1.647400
191.551100               1461.000000                 1.694700
191.974800               1465.400000                 1.793700
192.398600               1469.700000                 1.853900
192.822300               1473.800000                 1.918400
193.246100               1477.600000                 1.987200
193.669800               1481.700000                 2.056100
194.093600               1486.200000                 2.133500
194.517300               1490.700000                 2.228100
194.941100               1494.900000                 2.301200
195.364800               1499.000000                 2.391600
195.788600               1503.200000                 2.477600
196.212300               1507.600000                 2.563600
196.636100               1512.000000                 2.662600
197.059800               1515.900000                 2.740000
197.483600               1520.200000                 2.808800
197.907300               1524.500000                 2.899100
198.331100               1528.700000                 2.980900
198.754800               1533.500000                 3.066900
199.178600               1537.300000                 3.114200
