

Цикл № 1
Шаг  № 1
Точек  40
Циклическая потенцио. развертка , ЭДС 86,076мВ, Скорость развертки 100,12 мВ/с.
Время, с.              Потенциал, мВ            Ток, мкА
0.099700               91.402000                 46.728000
0.199400               100.850000                 134.640000
0.306800               118.450000                 611.200000
0.406500               127.770000                 776.750000
0.506200               138.780000                 929.250000
0.605900               149.730000                 1079.400000
0.705600               159.410000                 1218.600000
0.805300               167.580000                 1359.900000
0.905100               176.970000                 1494.100000
1.004800               181.660000                 1491.600000
1.104500               173.010000                 1251.500000
1.204200               163.720000                 1059.000000
1.303900               154.150000                 889.500000
1.403600               142.890000                 716.980000
1.503300               133.730000                 554.970000
1.603000               122.870000                 382.550000
1.702700               113.920000                 213.680000
1.802400               105.290000                 46.225000
1.902100               94.240000                 -132.560000
2.001800               85.325000                 -308.440000
2.101500               72.714000                 -506.080000
2.201200               63.932000                 -700.700000
2.300900               54.578000                 -910.620000
2.400600               45.015000                 -1131.200000
2.500400               33.795000                 -1367.100000
2.600100               24.117000                 -1624.800000
2.707500               7.448600                 -2128.100000
2.807200               0.285750                 -2420.600000
2.906900               -10.858000                 -2664.500000
3.006600               -1.124000                 -2275.300000
3.106300               5.581600                 -1884.400000
3.206000               15.888000                 -1502.900000
3.305700               24.803000                 -1185.100000
3.405400               35.166000                 -890.770000
3.505100               43.834000                 -619.160000
3.604800               54.464000                 -369.850000
3.704500               65.341000                 -130.180000
3.804200               75.057000                 87.190000
3.903900               84.868000                 289.090000
4.003600               95.269000                 490.790000


Цикл № 2
Шаг  № 1
Точек  40
Циклическая потенцио. развертка, ЭДС 86,076мВ, Скорость развертки 100,12 мВ/с.
Время, с.              Потенциал, мВ            Ток, мкА
0.099700               105.290000                 682.640000
0.199400               115.020000                 866.860000
0.299100               125.250000                 1044.700000
0.398800               136.440000                 1214.200000
0.498500               143.920000                 1367.900000
0.598200               153.310000                 1488.800000
0.697900               164.760000                 1618.000000
0.797600               175.050000                 1718.100000
0.897400               183.380000                 1764.300000
0.997100               178.480000                 1497.900000
1.096800               166.690000                 1265.800000
1.196500               155.830000                 1067.400000
1.296200               147.050000                 881.730000
1.395900               137.730000                 704.340000
1.495600               128.090000                 511.880000
1.595300               117.540000                 334.490000
1.695000               108.220000                 150.270000
1.794700               98.012000                 -28.330000
1.894400               87.478000                 -222.390000
1.994100               78.296000                 -420.270000
2.093800               67.094000                 -621.170000
2.193500               56.464000                 -847.380000
2.293200               47.777000                 -1062.900000
2.392900               37.986000                 -1308.400000
2.492700               29.204000                 -1551.900000
2.592400               19.774000                 -1819.300000
2.692100               8.191500                 -2111.000000
2.791800               1.181100                 -2374.600000
2.891500               -9.658400                 -2651.000000
2.991200               -4.076700                 -2320.500000
3.090900               5.238700                 -1892.600000
3.190600               13.602000                 -1529.600000
3.290300               23.222000                 -1197.300000
3.390000               33.185000                 -897.200000
3.489700               43.491000                 -626.390000
3.589400               52.940000                 -378.290000
3.689100               63.627000                 -143.840000
3.788800               73.381000                 66.900000
3.888500               83.496000                 282.460000
3.988200               93.688000                 474.510000


Цикл № 3
Шаг  № 1
Точек  40
Циклическая потенцио. развертка, ЭДС 86,076мВ, Скорость развертки 100,12 мВ/с.
Время, с.              Потенциал, мВ            Ток, мкА
0.099700               103.630000                 670.590000
0.199400               113.540000                 853.800000
0.299100               123.670000                 1029.000000
0.398800               133.290000                 1195.900000
0.498500               143.090000                 1348.000000
0.598200               151.710000                 1487.400000
0.697900               162.880000                 1610.800000
0.797600               173.950000                 1718.500000
0.897400               182.630000                 1790.000000
0.997100               180.080000                 1552.100000
1.096800               169.490000                 1313.500000
1.196500               158.000000                 1106.500000
1.296200               147.070000                 920.700000
1.395900               139.640000                 741.100000
1.495600               130.490000                 559.890000
1.595300               119.960000                 377.280000
1.695000               109.390000                 189.850000
1.794700               100.090000                 10.040000
1.894400               89.173000                 -190.450000
1.994100               79.934000                 -374.670000
2.093800               70.142000                 -589.630000
2.193500               59.074000                 -802.580000
2.293200               48.101000                 -1031.200000
2.392900               39.395000                 -1270.900000
2.492700               28.937000                 -1512.700000
2.592400               20.498000                 -1766.900000
2.692100               9.620300                 -2047.900000
2.791800               1.886000                 -2322.600000
2.891500               -8.496300                 -2590.300000
2.991200               -5.124500                 -2345.700000
3.090900               3.810000                 -1905.500000
3.190600               13.335000                 -1515.500000
3.290300               20.974000                 -1196.700000
3.390000               32.709000                 -905.630000
3.489700               42.329000                 -636.030000
3.589400               51.092000                 -384.910000
3.689100               62.027000                 -151.070000
3.788800               71.895000                 62.880000
3.888500               81.743000                 268.800000
3.988200               91.916000                 455.630000


Цикл № 4
Шаг  № 1
Точек  40
Циклическая потенцио. развертка, ЭДС 86,076мВ, Скорость развертки 100,12 мВ/с.
Время, с.              Потенциал, мВ            Ток, мкА
0.099700               102.170000                 647.080000
0.199400               111.960000                 825.480000
0.299100               120.620000                 997.850000
0.398800               131.860000                 1168.200000
0.498500               141.870000                 1316.700000
0.598200               148.170000                 1452.500000
0.697900               160.610000                 1575.200000
0.797600               173.180000                 1688.900000
0.897400               182.560000                 1774.500000
0.997100               181.090000                 1584.500000
1.096800               170.310000                 1329.700000
1.196500               158.910000                 1128.800000
1.296200               149.280000                 948.220000
1.395900               140.950000                 763.400000
1.495600               131.270000                 597.260000
1.595300               120.870000                 407.420000
1.695000               110.980000                 224.400000
1.794700               101.250000                 34.550000
1.894400               90.792000                 -159.710000
1.994100               81.058000                 -344.130000
2.093800               70.904000                 -553.060000
2.193500               60.122000                 -768.220000
2.293200               49.606000                 -993.630000
2.392900               41.262000                 -1221.800000
2.492700               31.013000                 -1464.900000
2.592400               21.145000                 -1721.700000
2.692100               11.125000                 -1979.400000
2.791800               3.467100                 -2246.000000
2.891500               -7.067500                 -2522.600000
2.991200               -7.867700                 -2397.500000
3.090900               2.990900                 -1921.800000
3.190600               11.373000                 -1539.100000
3.290300               20.231000                 -1205.600000
3.390000               30.537000                 -909.850000
3.489700               39.776000                 -641.060000
3.589400               49.835000                 -394.360000
3.689100               60.122000                 -167.950000
3.788800               70.161000                 42.390000
3.888500               80.505000                 235.650000
3.988200               90.392000                 433.330000


Цикл № 5
Шаг  № 1
Точек  39
Циклическая потенцио. развертка, последний цикл № 5, ЭДС 86,076мВ, Скорость развертки 100,12 мВ/с.
Время, с.              Потенциал, мВ            Ток, мкА
0.099700               101.040000                 619.360000
0.199400               109.230000                 788.510000
0.299100               120.130000                 970.720000
0.398800               130.660000                 1129.800000
0.498500               140.130000                 1286.500000
0.598200               148.480000                 1414.100000
0.697900               159.260000                 1542.100000
0.797600               169.930000                 1653.600000
0.897400               180.180000                 1742.600000
0.997100               181.930000                 1619.800000
1.096800               172.210000                 1351.600000
1.196500               161.280000                 1157.800000
1.296200               150.000000                 968.920000
1.395900               142.890000                 796.750000
1.495600               132.510000                 616.350000
1.595300               121.750000                 436.750000
1.695000               112.430000                 263.570000
1.794700               102.300000                 62.880000
1.894400               92.545000                 -110.490000
1.994100               82.372000                 -309.380000
2.093800               73.590000                 -508.260000
2.193500               61.341000                 -731.860000
2.293200               51.530000                 -950.640000
2.392900               42.158000                 -1170.000000
2.492700               32.747000                 -1414.900000
2.592400               24.289000                 -1651.600000
2.692100               13.983000                 -1917.300000
2.791800               3.905300                 -2193.800000
2.891500               -4.286200                 -2443.300000
2.991200               -9.544100                 -2440.900000
3.090900               2.171700                 -1946.900000
3.190600               10.477000                 -1562.400000
3.290300               19.488000                 -1200.900000
3.390000               27.432000                 -934.970000
3.489700               40.062000                 -647.080000
3.589400               48.120000                 -415.650000
3.689100               59.131000                 -187.840000
3.788800               69.532000                 22.100000
3.888500               78.905000                 211.740000
